% 6x6 trial
42    55    85   123   150   169
47    60    90   128   155   173
55    69    98   136   164   181
65    81   110   148   176   192
73    90   118   156   185   200
78    95   123   161   190   204

% 5x6 trial
42    55    85   123   150   169
47    60    90   128   155   173
55    69    98   136   164   181
60    75   104   142   170   187
69    85   113   151   180   196

% 6x5 trail
68   103   123   150   169
73   108   128   155   173
83   117   136   164   181
97   129   148   176   192
107   138   156   185   200
112   143   161   190   204

origPixels = [10    10    80    80   200   200;
    10    10    80    80   200   200;
    30    30   120   120   220   220;
    30    30   120   120   220   220;
    50    50   160   160   240   240;
    50    50   160   160   240   240];
